%YAML:1.0
R: !!opencv-matrix
   rows: 3
   cols: 3
   dt: d
   data: [ 9.9997134939684817e-01, 8.7369135964208533e-04,
       -7.5191122384611012e-03, -9.1797983446001679e-04,
       9.9998224018758664e-01, -5.8886859688215163e-03,
       7.5138338063876226e-03, 5.8954196478246913e-03,
       9.9995439212431381e-01 ]
T: !!opencv-matrix
   rows: 3
   cols: 1
   dt: d
   data: [ 7.0211300791489570e+00, 1.9448583118965718e-02,
       -1.1600743677485459e+00 ]
R1: !!opencv-matrix
   rows: 3
   cols: 3
   dt: d
   data: [ 9.8536409422655225e-01, 2.6338525630073520e-03,
       -1.7044255521952997e-01, -3.1415990383794039e-03,
       9.9999139484476329e-01, -2.7093526730090529e-03,
       1.7043395249940144e-01, 3.2051610101564570e-03,
       9.8536388952423593e-01 ]
R2: !!opencv-matrix
   rows: 3
   cols: 3
   dt: d
   data: [ 9.8661974082805715e-01, 2.7329441015900668e-03,
       -1.6301539198773507e-01, -2.2474532614407301e-03,
       9.9999247363681121e-01, 3.1625343585541441e-03,
       1.6302280810431086e-01, -2.7538493548086417e-03,
       9.8661845733369291e-01 ]
P1: !!opencv-matrix
   rows: 3
   cols: 4
   dt: d
   data: [ 1.1496767741859849e+03, 0., 5.8045662260055542e+02, 0., 0.,
       1.1496767741859849e+03, 2.0190442657470703e+02, 0., 0., 0., 1.,
       0. ]
P2: !!opencv-matrix
   rows: 3
   cols: 4
   dt: d
   data: [ 1.1496767741859849e+03, 0., 5.8045662260055542e+02,
       8.1815007814068376e+03, 0., 1.1496767741859849e+03,
       2.0190442657470703e+02, 0., 0., 0., 1., 0. ]
Q: !!opencv-matrix
   rows: 4
   cols: 4
   dt: d
   data: [ 1., 0., 0., -5.8045662260055542e+02, 0., 1., 0.,
       -2.0190442657470703e+02, 0., 0., 0., 1.1496767741859849e+03, 0.,
       0., -1.4052150148279932e-01, 0. ]
