%YAML:1.0
M1: !!opencv-matrix
   rows: 3
   cols: 3
   dt: d
   data: [ 1.3694050759993752e+03, 0., 3.2970584337897532e+02, 0.,
       1.3726423556789143e+03, 1.9834330762972127e+02, 0., 0., 1. ]
D1: !!opencv-matrix
   rows: 1
   cols: 5
   dt: d
   data: [ -6.2041136159937567e-02, 2.7060015654438923e+00,
       -5.2721668703128010e-03, 1.1757822081889920e-02,
       -2.9826016532858194e+01 ]
M2: !!opencv-matrix
   rows: 3
   cols: 3
   dt: d
   data: [ 1.3507247321633038e+03, 0., 3.4497204296784662e+02, 0.,
       1.3563527694302084e+03, 2.0657338101003825e+02, 0., 0., 1. ]
D2: !!opencv-matrix
   rows: 1
   cols: 5
   dt: d
   data: [ 1.1868357365915112e-01, -8.5241975993913286e+00,
       -4.7991183699665858e-03, 6.3714298449352152e-03,
       1.4109973721800739e+02 ]
